20074 -019
20076 -019
20074 -019
20076 -019
20074 -019
20074 -019
20074 -019
20074 -019
20074 -019
20074 -019
20074 -019
20076 -019
20076 -019
20076 -019
20074 -019
20076 -019
20074 -019
20074 -019
20076 -019
20074 -019
20076 -019
20076 -019
20074 -019
20076 -019
20074 -019
20074 -019
20074 -019
20074 -019
20074 -019
20074 -019
20074 -019
20074 -019
20074 -019
20076 -019
20074 -019
20076 -019
20074 -019
20072 -019
20076 -019
20074 -019
20076 -019
20074 -019
20076 -019
20074 -019
20076 -019
20074 -019
20076 -019
20074 -019
20074 -019
20074 -019
20076 -019
20076 -019
20074 -019
20076 -019
20074 -019
20076 -019
20074 -019
20076 -019
20074 -019
20076 -019
20074 -019
20076 -019
20074 -019
20076 -019
20072 -019
20074 -096
20074 -097
20074 -099
20076 -097
20076 -098
20074 -098
20076 -098
20076 -097
20076 -097
20074 -097
20074 -097
20074 -097
20074 -098
20076 -099
20076 -097
20076 -098
20074 -099
20076 -097
20076 -049
20076 -052
20074 -049
20076 -051
20074 -054
20076 -044
20076 -046
20074 -045
20076 -047
20076 -045
20076 -045
20076 -045
20076 -045
20076 -045
20074 -047
20076 -047
20076 -046
20074 -047
20076 -045
20076 -042
20074 -039
20076 -039
20076 -039
20076 -039
20076 -039
20074 -040
20076 -041
20076 -042
20074 -047
20076 -054
20076 -058
20076 -062
20076 -062
20076 -064
20076 -064
20076 -058
20074 -046
20076 -038
20076 -038
20076 -035
20076 -035
20074 -040
20076 -035
20074 -034
20076 -030
20076 -031
20076 -029
20074 -032
20074 -030
20074 -023
20076 -021
20074 -020
20074 -031
20074 -019
20076 -024
20076 -045
20074 -036
20074 -022
20076 -022
20074 -022
20072 -023
20076 -024
20076 -019
20076 -019
20074 -019
20074 -019
20076 -019
20074 -019
20072 -019
20074 -019
20076 -019
20074 -019
20074 -019
20074 -019
20076 -019
20076 -019
20074 -019
20074 -019
20074 -019
20076 -019
20072 -019
20076 -019
20076 -019
20074 -019
20074 -019
20074 -019
20076 -019
20076 -019
20074 -019
20074 -019
20072 -019
20074 -019
20076 -019
20074 -019
20076 -019
20076 -019
20074 -019
20074 -019
20074 -019
20076 -019
20074 -019
20074 -019
20076 -019
20076 -019
20074 -019
20076 -019
20074 -019
20074 -019
20074 -019
20074 -019
20076 -019
20072 -019
20076 -019
20076 -019
20074 -019
20074 -019
20074 -019
20076 -019
20076 -019
20072 -019
20076 -019
20076 -019
20074 -019
20074 -019
20076 -019
20074 -019
20076 -019
20074 -019
20076 -019
20076 -019
20074 -019
20074 -019
20072 -019
20076 -019
20074 -019
20074 -019
20076 -019
20076 -019
20074 -019
20076 -019
20076 -019
20076 -019
20076 -019
20074 -019
20074 -019
20072 -019
20076 -019
20076 -019
20074 -019
20076 -019
20076 -019
20074 -019
20074 -019
20072 -019
20076 -019
20074 -019
20074 -019
20076 -019
20076 -019
20074 -019
20076 -019
20076 -019
20074 -019
20074 -019
20074 -019
20076 -019
20074 -019
20076 -019
20076 -019
20074 -019
20074 -019
20072 -019
20074 -019
20074 -019
20074 -019
20076 -019
20076 -019
20074 -019
20074 -019
20074 -019
20076 -019
20076 -019
20074 -019
20074 -019
20074 -019
20074 -019
20074 -019
20076 -019
20076 -019
20074 -019
20074 -019
20074 -019
20074 -019
20074 -019
20076 -019
20076 -019
20074 -019
20074 -019
20074 -019
20074 -019
20074 -019
20074 -019
20076 -019
20074 -019
20076 -019
20076 -019
20076 -019
20074 -019
20074 -019
20076 -019
20074 -019
20076 -019
20074 -019
20074 -019
20076 -019
20074 -019
20074 -019
20076 -019
20076 -019
20074 -019
20074 -019
20074 -019
20076 -019
20076 -019
20074 -019
20076 -019
20074 -019
20074 -019
20076 -019
20074 -019
20076 -019
20076 -019
20074 -019
20074 -019
20074 -019
20074 -019
20074 -019
20074 -019
20074 -019
20074 -019
20072 -019
20076 -019
20076 -019
20074 -019
20074 -019
20076 -019
20076 -019
20074 -019
20074 -019
20074 -019
20074 -019
20074 -019
20076 -019
20074 -019
20076 -019
20074 -019
20074 -019
20076 -019
20076 -019
20074 -019
20074 -019
20076 -019
20074 -019
20076 -019
20074 -019
20074 -019
20076 -019
20076 -019
20076 -019
20074 -019
20074 -019
20076 -019
20076 -019
20074 -019
20076 -019
20076 -019
20074 -019
20076 -019
20074 -019
20074 -019
20076 -019
20076 -019
20074 -019
20076 -019
20074 -019
20076 -019
20074 -019
20074 -019
20074 -019
20074 -019
20074 -019
20076 -019
20076 -019
20074 -019
20076 -019
20074 -019
20076 -019
20074 -019
20076 -019
20074 -019
20076 -019
20074 -019
20074 -019
20074 -019
20076 -019
20074 -019
20076 -019
20074 -019
20074 -019
20076 -019
20076 -019
20076 -019
20076 -019
20076 -019
20074 -019
20074 -019
20074 -019
20076 -019
20074 -019
20076 -019
20074 -019
20074 -019
20074 -019
20076 -019
20074 -019
20074 -019
20074 -019
20074 -019
20074 -019
20076 -019
20074 -019
20074 -019
20072 -019
20076 -019
20074 -019
20074 -019
20072 -019
20076 -019
20076 -019
20076 -019
20074 -019
20076 -019
20076 -019
20076 -019
20076 -019
20076 -019
20072 -019
20074 -019
20072 -019
20074 -019
20074 -019
20074 -019
20074 -019
20074 -019
20076 -019
20076 -019
20072 -019
20074 -019
20072 -019
20076 -019
20076 -019
20074 -019
20072 -019
20076 -019
20076 -019
20074 -019
20074 -019
20076 -019
20074 -019
20074 -019
20074 -019
20076 -019
20074 -019
20074 -019
20074 -019
20076 -019
20074 -019
20076 -019
20074 -019
20074 -019
20074 -019
20074 -019
20074 -019
20074 -019
20074 -019
20074 -019
20074 -019
20074 -019
20074 -019
20076 -019
20074 -019
20074 -019
20076 -019
20076 -019
20076 -019
20076 -019
20074 -019
20076 -019
20076 -019
20076 -019
20074 -019
20074 -019
20076 -019
20076 -019
20074 -019
20074 -019
20076 -019
20074 -019
20074 -019
20074 -019
20076 -019
20074 -019
20074 -019
20074 -019
20074 -019
20076 -019
20076 -019
20074 -019
20074 -019
20076 -019
20074 -019
20074 -019
20074 -019
20074 -019
20076 -019
20076 -019
20076 -019
20074 -019
20074 -019
20076 -019
20076 -019
20074 -019
20074 -019
20074 -019
20072 -019
20074 -019
20074 -019
20074 -019
20074 -019
20076 -019
20074 -019
20074 -019
20076 -019
20076 -019
20074 -019
20074 -019
20074 -019
20076 -019
20074 -019
20076 -019
20076 -019
20074 -019
20076 -019
20072 -019
20074 -019
20072 -019
20076 -019
20074 -019
20076 -019
20074 -019
20074 -019
20074 -019
20076 -019
20074 -019
20074 -019
20074 -019
20076 -019
20074 -019
20074 -019
20074 -019
20074 -019
20076 -019
20076 -019
20074 -019
20074 -019
20074 -019
20074 -019
20076 -019
20074 -019
20076 -019
20074 -019
20074 -019
20074 -019
20072 -019
20074 -019
20074 -019
20076 -019
20074 -019
20074 -019
20074 -019
20074 -019
20076 -019
20076 -019
20074 -019
20074 -019
20074 -019
20074 -019
20076 -019
20076 -019
20074 -019
20074 -019
20074 -019
20074 -019
20076 -019
20076 -019
20074 -019
20076 -019
20074 -019
20074 -019
20076 -019
20076 -019
20074 -019
20076 -019
20074 -019
20074 -019
20076 -019
20072 -019
20076 -019
20074 -019
20074 -019
20074 -019
20074 -019
20076 -019
20074 -019
20076 -019
20074 -019
20072 -019
20076 -019
20076 -019
20076 -019
20076 -019
20074 -019
20074 -019
20076 -019
20074 -019
20074 -019
20074 -019
20076 -019
20076 -019
20074 -019
20076 -019
20076 -019
20074 -019
20076 -019
20074 -019
20072 -019
20076 -019
20076 -019
20074 -019
20074 -019
20076 -019
20074 -019
20074 -019
20076 -019
20074 -019
20074 -019
20074 -019
20074 -019
20076 -020
20076 -020
20072 -019
20076 -019
20074 -019
20074 -019
20074 -019
20074 -019
20074 -019
20076 -019
20076 -019
20074 -019
20074 -019
20076 -019
20074 -019
20074 -019
20074 -019
20074 -019
20074 -020
20074 -019
20076 -020
20076 -019
20074 -019
20076 -019
20076 -019
20074 -019
20074 -019
20074 -019
20074 -019
20076 -019
20074 -019
20076 -019
20076 -019
20074 -019
20074 -019
20076 -019
20074 -019
20076 -019
20076 -019
20074 -019
20076 -019
20074 -019
20076 -019
20076 -019
20074 -019
20072 -019
20076 -019
20074 -019
20074 -019
20076 -019
20074 -019
20074 -019
20074 -019
20074 -019
20076 -019
20076 -019
20074 -019
20076 -019
20074 -019
20074 -019
20076 -019
20074 -019
20074 -019
20074 -019
20076 -019
20074 -019
20074 -019
20076 -019
20074 -019
20074 -019
20074 -019
20074 -019
20076 -019
20074 -019
20074 -019
20076 -019
20074 -019
20076 -019
20076 -019
20074 -019
20074 -019
20076 -019
20074 -019
20072 -019
20076 -019
20076 -019
20074 -019
20074 -019
20074 -019
20074 -019
20074 -019
20074 -019
20076 -019
20074 -019
20074 -019
20076 -019
20074 -019
20074 -019
20076 -019
20074 -019
20074 -019
20076 -019
20074 -019
20074 -019
20076 -019
20074 -019
20074 -019
20076 -019
20076 -019
20074 -019
20074 -019
20072 -019
20074 -019
20076 -019
20074 -019
20076 -019
20074 -019
20074 -019
20076 -019
20074 -019
20074 -019
20076 -019
20076 -019
20074 -019
20074 -019
20076 -019
20074 -019
20076 -019
20076 -019
20074 -019
20074 -019
20076 -019
20074 -019
20074 -019
20076 -019
20074 -019
20076 -019
20074 -019
20074 -019
20076 -019
20074 -019
20076 -019
20076 -019
20074 -019
20074 -019
20076 -019
20074 -019
20074 -019
20076 -019
20076 -019
20074 -019
20074 -019
20076 -019
20074 -019
20074 -019
20074 -019
20076 -019
20074 -019
20074 -019
20074 -019
20076 -019
20074 -019
20074 -019
20076 -019
20074 -019
20074 -019
20076 -019
20076 -019
20076 -019
20074 -019
20072 -019
20074 -019
20074 -019
20076 -019
20074 -019
20076 -019
20076 -019
20074 -019
20074 -019
20076 -019
20074 -019
20074 -019
20076 -019
20074 -019
20074 -019
20076 -019
20074 -019
20074 -019
20076 -019
20074 -019
20074 -019
20076 -019
20074 -019
20074 -019
20074 -019
20076 -019
20074 -019
20074 -019
20076 -019
20074 -019
20074 -019
20076 -019
20074 -019
20074 -019
20076 -019
20074 -019
20074 -019
20076 -019
20074 -019
20074 -019
20076 -019
20074 -019
20074 -019
20074 -019
20074 -019
20076 -019
20074 -019
20074 -019
20074 -019
20076 -019
20074 -019
20074 -019
20074 -019
20074 -019
20076 -019
20076 -019
20074 -019
20072 -019
20076 -019
20074 -019
20074 -019
20076 -019
20074 -019
20072 -019
20074 -019
20076 -019
20074 -019
20076 -019
20074 -019
20074 -019
20074 -019
20074 -019
20074 -019
20076 -019
20074 -019
20076 -019
20074 -019
20076 -019
20074 -019
20076 -019
20074 -019
20074 -019
20076 -019
20074 -019
20074 -019
20076 -019
20074 -019
20074 -019
20076 -019
20074 -019
20074 -019
20076 -019
20074 -019
20074 -019
20072 -019
20076 -019
20074 -019
20074 -019
20076 -019
20074 -019
20074 -019
20076 -019
20074 -019
20074 -019
20076 -019
20074 -019
20072 -019
20076 -019
20074 -019
20072 -019
20076 -019
20074 -019
20072 -019
20076 -019
20074 -019
20074 -019
20076 -019
20074 -019
20076 -019
20076 -019
20074 -019
20074 -019
20076 -019
20074 -019
20074 -019
20076 -019
20076 -019
20074 -019
20074 -019
20074 -019
20074 -019
20076 -019
20076 -019
20074 -019
20074 -019
20076 -019
20074 -019
20072 -019
20076 -019
20074 -019
20072 -019
20076 -019
20074 -019
20074 -019
20074 -019
20074 -019
20074 -019
20076 -019
20074 -019
20076 -019
20074 -019
20074 -019
20074 -019
20072 -019
20076 -019
20074 -019
20074 -019
20076 -019
20074 -019
20072 -019
20076 -019
20074 -019
20074 -019
20076 -019
20074 -019
20074 -019
20076 -019
20074 -019
20074 -019
20076 -019
20076 -019
20076 -019
20076 -019
20076 -019
20076 -019
20076 -019
20074 -019
20076 -019
20074 -019
20074 -019
20076 -019
20074 -019
20074 -019
20076 -019
20074 -019
20074 -019
20076 -019
20074 -019
20076 -019
20074 -019
20072 -019
20074 -019
20076 -019
20074 -019
20074 -019
20074 -019
20076 -019
20076 -019
20074 -019
20074 -019
20074 -019
20076 -019
20072 -019
20076 -019
20076 -019
20074 -019
20074 -019
20074 -019
20076 -019
20076 -019
20074 -019
20074 -019
20072 -019
20074 -019
20076 -019
20074 -019
20076 -019
20076 -019
20074 -019
20074 -019
20074 -019
20076 -019
20074 -019
20072 -019
20074 -019
20076 -019
20074 -019
20074 -019
20074 -019
20076 -019
20076 -019
20074 -019
20074 -019
20074 -019
20076 -019
20072 -019
20076 -019
20076 -019
20074 -019
20074 -019
20074 -019
20076 -019
20076 -019
20074 -019
20074 -019
20072 -019
20074 -019
20076 -019
20074 -019
20076 -019
20076 -019
20074 -019
20074 -019
20074 -019
20076 -019
20074 -019
20072 -019
20074 -019
20076 -019
20074 -019
20074 -019
20074 -019
20076 -019
20076 -019
20074 -019
20074 -019
20074 -019
20076 -019
20072 -019
20076 -019
20076 -019
20074 -019
20074 -019
20074 -019
20076 -019
20076 -019
20074 -019
20074 -019
20072 -019
20074 -019
20076 -019
20074 -019
20076 -019
20076 -019
20074 -019
20074 -019
20074 -019
20076 -019
20074 -019
20072 -019
20074 -019
20076 -019
20074 -019
20074 -019
20074 -019
20076 -019
20076 -019
20074 -019
20074 -019
20074 -019
20076 -019
20072 -019
20076 -019
20076 -019
20074 -019
20074 -019
20074 -019
20076 -019
20076 -019
20074 -019
20074 -019
20072 -019
20074 -019
20076 -019
20074 -019
20076 -019
20076 -019
20074 -019
20074 -019
20074 -019
20076 -019
20074 -019
20072 -019
20074 -019
20076 -019
20074 -019
20074 -019
20074 -019
20076 -019
20076 -019
20074 -019
20074 -019
20074 -019
20076 -019
20072 -019
20076 -019
20076 -019
20074 -019
20074 -019
20074 -019
20076 -019
20076 -019
20074 -019
20074 -019
20072 -019
20074 -019
20076 -019
20074 -019
20076 -019
20076 -019
20074 -019
20074 -019
20074 -019
20076 -019
20074 -019
20072 -019
20074 -019
20076 -019
20074 -019
20074 -019
20074 -019
20076 -019
20076 -019
20074 -019
20074 -019
20074 -019
20076 -019
20072 -019
20076 -019
20076 -019
20074 -019
20074 -019
20074 -019
20076 -019
20076 -019
20074 -019
20074 -019
20072 -019
20074 -019
20076 -019
20074 -019
20076 -019
20076 -019
20074 -019
20074 -019
20074 -019
20076 -019
20074 -019
20072 -019
20074 -019
20076 -019
20074 -019
20074 -019
20074 -019
20076 -019
20076 -019
20074 -019
20074 -019
20074 -019
20076 -019
20072 -019
20076 -019
20076 -019
20074 -019
20074 -019
20074 -019
20076 -019
20076 -019
20074 -019
20074 -019
20072 -019
20074 -019
20076 -019
20074 -019
20076 -019
20076 -019
20074 -019
20074 -019
20074 -019
20076 -019
20074 -019
20072 -019
20074 -019
20076 -019
20074 -019
20074 -019
20074 -019
20076 -019
20076 -019
20074 -019
20074 -019
20074 -019
20076 -019
20072 -019
20076 -019
20076 -019
20074 -019
20074 -019
20074 -019
20076 -019
20076 -019
20074 -019
20074 -019
20072 -019
20074 -019
20076 -019
20074 -019
20076 -019
20076 -019
20074 -019
20074 -019
20074 -019
20076 -019
20074 -019
20072 -019
20074 -019
20076 -019
20074 -019
20074 -019
20074 -019
20076 -019
20076 -019
20074 -019
20074 -019
20074 -019
20076 -019
20072 -019
20076 -019
20076 -019
20074 -019
20074 -019
20074 -019
20076 -019
20076 -019
20074 -019
20074 -019
20072 -019
20074 -019
20076 -019
20074 -019
20076 -019
20076 -019
20074 -019
20074 -019
20074 -019
20076 -019
20074 -019
20072 -019
20074 -019
20074 -019
20074 -019
20076 -019
20076 -019
20074 -019
20074 -019
20074 -019
20076 -019
20076 -019
20074 -019
20074 -019
20074 -019
20074 -019
20074 -019
20076 -019
20076 -019
20074 -019
20074 -019
20074 -019
20074 -019
20074 -019
20076 -019
20076 -019
20074 -019
20074 -019
20074 -019
20074 -019
20074 -019
20074 -019
20076 -019
20074 -019
20076 -019
20076 -019
20076 -019
20074 -019
20074 -019
20076 -019
20074 -019
20076 -019
20074 -019
20074 -019
20076 -019
20074 -019
20074 -019
20076 -019
20076 -019
20074 -019
20074 -019
20074 -019
20076 -019
20076 -019
20074 -019
20076 -019
20074 -019
20074 -019
20076 -019
20074 -019
20076 -019
20076 -019
20074 -019
20074 -019
20074 -019
20074 -019
20074 -019
20074 -019
20074 -019
20074 -019
20072 -019
20076 -019
20076 -019
20074 -019
20074 -019
20076 -019
20076 -019
20074 -019
20074 -019
20074 -019
20074 -019
20074 -019
20076 -019
20074 -019
20076 -019
20074 -019
20074 -019
20076 -019
20076 -019
20074 -019
20074 -019
20076 -019
20074 -019
20076 -019
20074 -019
20074 -019
20076 -019
20076 -019
20076 -019
20074 -019
20074 -019
20076 -019
20076 -019
20074 -019
20076 -019
20076 -019
20074 -019
20076 -019
20074 -019
20074 -019
20076 -019
20076 -019
20074 -019
20076 -019
20074 -019
20076 -019
20074 -019
20074 -019
20074 -019
20074 -019
20074 -019
20076 -019
20076 -019
20074 -019
20076 -019
20074 -019
20076 -019
20074 -019
20076 -019
20074 -019
20076 -019
20074 -019
20074 -019
20074 -019
20076 -019
20074 -019
20076 -019
20074 -019
20074 -019
20076 -019
20076 -019
20076 -019
20076 -019
20076 -019
20074 -019
20074 -019
20074 -019
20076 -019
20074 -019
20076 -019
20074 -019
20074 -019
20074 -019
20076 -019
20074 -019
20074 -019
20074 -019
20074 -019
20074 -019
20076 -019
20074 -019
20074 -019
20072 -019
20076 -019
20074 -019
20074 -019
20072 -019
20076 -019
20076 -019
20076 -019
20074 -019
20076 -019
20076 -019
20076 -019
20076 -019
20076 -019
20072 -019
20074 -019
20072 -019
20074 -019
20074 -019
20074 -019
20074 -019
20074 -019
20076 -019
20076 -019
20072 -019
20074 -019
20072 -019
20076 -019
20076 -019
20074 -019
20072 -019
20076 -019
20076 -019
20074 -019
20074 -019
20076 -019
20074 -019
20074 -019
20074 -019
20076 -019
20074 -019
20074 -019
20074 -019
20076 -019
20074 -019
20076 -019
20074 -019
20074 -019
20074 -019
20074 -019
20074 -019
20074 -019
20074 -019
20074 -019
20074 -019
20074 -019
20074 -019
20076 -019
20074 -019
20074 -019
20076 -019
20076 -019
20076 -019
20076 -019
20074 -019
20076 -019
20076 -019
20076 -019
20074 -019
20074 -019
20076 -019
20076 -019
20074 -019
20074 -019
20076 -019
20074 -019
20074 -019
20074 -019
20076 -019
20074 -019
20074 -019
20074 -019
20074 -019
20076 -019
20076 -019
20074 -019
20074 -019
20076 -019
20074 -019
20074 -019
20074 -019
20074 -019
20076 -019
20076 -019
20076 -019
20074 -019
20074 -019
20076 -019
20076 -019
20074 -019
20074 -019
20074 -019
20072 -019
20074 -019
20074 -019
20074 -019
20074 -019
20076 -019
20074 -019
20074 -019
20076 -019
20076 -019
20074 -019
20074 -019
20074 -019
20076 -019
20074 -019
20076 -019
20076 -019
20074 -019
20076 -019
20072 -019
20074 -019
20072 -019
20076 -019
20074 -019
20076 -019
20074 -019
20074 -019
20074 -019
20076 -019
20074 -019
20074 -019
20074 -019
20076 -019
20074 -019
20074 -019
20074 -019
20074 -019
20076 -019
20076 -019
20074 -019
20074 -019
20074 -019
20074 -019
20076 -019
20074 -019
20076 -019
20074 -019
20074 -019
20074 -019
20072 -019
20074 -019
20074 -019
20076 -019
20074 -019
20074 -019
20074 -019
20074 -019
20072 -019
20074 -019
20074 -019
20074 -019
20076 -019
20076 -019
20074 -019
20074 -019
20074 -019
20076 -019
20076 -019
20074 -019
20074 -019
20074 -019
20074 -019
20074 -019
20076 -019
20076 -019
20074 -019
20074 -019
20074 -019
20074 -019
20074 -019
20076 -019
20076 -019
20074 -019
20074 -019
20074 -019
20074 -019
20074 -019
20074 -019
20076 -019
20074 -019
20076 -019
20076 -019
20076 -019
20074 -019
20074 -019
20076 -019
20074 -019
20076 -019
20074 -019
20074 -019
20076 -019
20074 -019
20074 -019
20076 -019
20076 -019
20074 -019
20074 -019
20074 -019
20076 -019
20076 -019
20074 -019
20076 -019
20074 -019
20074 -019
20076 -019
20074 -019
20076 -019
20076 -019
20074 -019
20074 -019
20074 -019
20074 -019
20074 -019
20074 -019
20074 -019
20074 -019
20072 -019
20076 -019
20076 -019
20074 -019
20074 -019
20076 -019
20076 -019
20074 -019
20074 -019
20074 -019
20074 -019
20074 -019
20076 -019
20074 -019
20076 -019
20074 -019
20074 -019
20076 -019
20076 -019
20074 -019
20074 -019
20076 -019
20074 -019
20076 -019
20074 -019
20074 -019
20076 -019
20076 -019
20076 -019
20074 -019
20074 -019
20076 -019
20076 -019
20074 -019
20076 -019
20076 -019
20074 -019
20076 -019
20074 -019
20074 -019
20076 -019
20076 -019
20074 -019
20076 -019
20074 -019
20076 -019
20074 -019
20074 -019
20074 -019
20074 -019
20074 -019
20076 -019
20076 -019
20074 -019
20076 -019
20074 -019
20076 -019
20074 -019
20076 -019
20074 -019
20076 -019
20074 -019
20074 -019
20074 -019
20076 -019
20074 -019
20076 -019
20074 -019
20074 -019
20076 -019
20076 -019
20076 -019
20076 -019
20076 -019
20074 -019
20074 -019
20074 -019
20076 -019
20074 -019
20076 -019
20074 -019
20074 -019
20074 -019
20076 -019
20074 -019
20074 -019
20074 -019
20074 -019
20074 -019
20076 -019
20074 -019
20074 -019
20072 -019
20076 -019
20074 -019
20074 -019
20072 -019
20076 -019
20076 -019
20076 -019
20074 -019
20076 -019
20076 -019
20076 -019
20076 -019
20076 -019
20072 -019
20074 -019
20072 -019
20074 -019
20074 -019
20074 -019
20074 -019
20074 -019
20076 -019
20076 -019
20072 -019
20074 -019
20072 -019
20076 -019
20076 -019
20074 -019
20072 -019
20076 -019
20076 -019
20074 -019
20074 -019
20076 -019
20074 -019
20074 -019
20074 -019
20076 -019
20074 -019
20074 -019
20074 -019
20076 -019
20074 -019
20076 -019
20074 -019
20074 -019
20074 -019
20074 -019
20074 -019
20074 -019
20074 -019
20074 -019
20074 -019
20074 -019
20074 -019
20076 -019
20074 -019
20074 -019
20076 -019
20076 -019
20076 -019
20076 -019
20074 -019
20076 -019
20076 -019
20076 -019
20074 -019
20074 -019
20076 -019
20076 -019
20074 -019
20074 -019
20076 -019
20074 -019
20074 -019
20074 -019
20076 -019
20074 -019
20074 -019
20074 -019
20074 -019
20076 -019
20076 -019
20074 -019
20074 -019
20076 -019
20074 -019
20074 -019
20074 -019
20074 -019
20076 -019
20076 -019
20076 -019
20074 -019
20074 -019
20076 -019
20076 -019
20074 -019
20074 -019
20074 -019
20072 -019
20074 -019
20074 -019
20074 -019
20074 -019
20076 -019
20074 -019
20074 -019
20076 -019
20076 -019
20074 -019
20074 -019
20074 -019
20076 -019
20074 -019
20076 -019
20076 -019
20074 -019
20076 -019
20072 -019
20074 -019
20072 -019
20076 -019
20074 -019
20076 -019
20074 -019
20074 -019
20074 -019
20076 -019
20074 -019
20074 -019
20074 -019
20076 -019
20074 -019
20074 -019
20074 -019
20074 -019
20076 -019
20076 -019
20074 -019
20074 -019
20074 -019
20074 -019
20076 -019
20074 -019
20076 -019
20074 -019
20074 -019
20074 -019
20072 -019
20074 -019
20074 -019
20076 -019
20074 -019
20074 -019
20074 -019
20074 -019
20074 -019
20076 -019
20076 -019
20074 -019
20074 -019
20074 -019
20074 -019
20076 -019
20074 -019
20076 -019
20074 -019
20074 -019
20074 -019
20072 -019
20074 -019
20074 -019
20076 -019
20074 -019
20074 -019
20074 -019
20074 -019
20074 -019
20076 -019
20076 -019
20074 -019
20074 -019
20074 -019
20074 -019
20076 -019
20074 -019
20076 -019
20074 -019
20074 -019
20074 -019
20072 -019
20074 -019
20074 -019
20076 -019
20074 -019
20074 -019
20074 -019
20074 -019
20076 -019
20074 -019
20074 -019
20074 -019
20074 -019
20074 -019
20076 -019
20076 -019
20074 -019
20074 -019
20074 -019
20074 -019
20076 -019
20074 -019
20076 -019
20074 -019
20074 -019
20074 -019
20072 -019
20074 -019
